Site1_1,	z1	z2	z3	z4	z5	Overall	
N	25	25	25	25	25	25	
A	3	2	3	1	1	10	
%	75	50	100	50	25	60	
Ar	2.89	2	2.64	1	1	1.91	
Ho	0.4	0.2	0.24	0	0	0.17	
He	0.55	0.47	0.51	0	0	0.31	
HWE	0.041	0.003	0.003	NA	NA	0.001	
Fis	0.2785	0.5756	0.529	NA	NA	0.4528	
Fis_Low	-0.0922	0.1786	0.2038	NA	NA	0.226	
Fis_High	0.6286	0.9167	0.8488	NA	NA	0.6618	
														
Site2_1,	z1	z2	z3	z4	z5	Overall	
N	25	25	25	25	25	25	
A	3	3	2	2	2	12	
%	75	75	66.67	100	50	73.33	
Ar	3	3	2	2	2	2.4	
Ho	0.28	0.56	0.52	0.36	0.48	0.44	
He	0.61	0.61	0.49	0.45	0.48	0.53	
HWE	0.001	0.826	0.682	0.366	1	0.079	
Fis	0.5389	0.0802	-0.0673	0.1979	0	0.1641	
Fis_Low	0.2239	-0.1926	-0.4413	-0.2098	-0.372	0.0252	
Fis_High	0.8158	0.3802	0.2952	0.5973	0.4216	0.3152	
														
Site3_1,	z1	z2	z3	z4	z5	Overall	
N	25	25	25	25	25	25	
A	4	4	3	2	3	16	
%	100	100	100	100	75	95	
Ar	4	3.99	3	2	3	3.2	
Ho	0.56	0.44	0.32	0.36	0.48	0.43	
He	0.68	0.65	0.52	0.45	0.66	0.59	
HWE	0.143	0.34	0.011	0.368	0.213	0.028	
Fis	0.1755	0.3201	0.3902	0.1979	0.2674	0.2691	
Fis_Low	-0.0856	0.0639	0.0049	-0.1957	-0.0718	0.1043	
Fis_High	0.4467	0.5842	0.7333	0.5994	0.5811	0.4376	
														
Site4_1,	z1	z2	z3	z4	z5	Overall	
N	25	25	25	25	25	25	
A	3	2	2	1	3	11	
%	75	50	66.67	50	75	63.33	
Ar	2.85	2	2	1	3	2.17	
Ho	0.4	0.48	0.2	0	0.44	0.3	
He	0.55	0.48	0.49	0	0.54	0.41	
HWE	0.043	1	0.002	NA	0.218	0.019	
Fis	0.2785	0	0.5895	NA	0.1876	0.2633	
Fis_Low	-0.1033	-0.3697	0.2174	NA	-0.1832	0.0424	
Fis_High	0.6299	0.4021	0.9158	NA	0.5285	0.4709	
														
Site5_1,	z1	z2	z3	z4	z5	Overall	
N	25	25	25	25	25	25	
A	3	2	1	2	2	10	
%	75	50	33.33	100	50	61.67	
Ar	3	2	1	2	1.99	2	
Ho	0.68	0.48	0	0.24	0.08	0.3	
He	0.58	0.48	0	0.48	0.21	0.35	
HWE	0.681	1	NA	0.033	0.029	0.146	
Fis	-0.1822	0	NA	0.5	0.6212	0.1525	
Fis_Low	-0.4029	-0.3793	NA	0.1346	-0.0153	-0.0366	
Fis_High	0.0637	0.3925	NA	0.8364	1.0485	0.3547	
														
Site6_1,	z1	z2	z3	z4	z5	Overall	
N	25	25	25	25	25	25	
A	3	2	2	1	3	11	
%	75	50	66.67	50	75	63.33	
Ar	2.99	2	2	1	3	2.2	
Ho	0.32	0.48	0.4	0	0.48	0.34	
He	0.59	0.48	0.32	0	0.66	0.41	
HWE	0.004	1	0.549	NA	0.204	0.117	
Fis	0.4587	0	-0.25	NA	0.2674	0.179	
Fis_Low	0.1015	-0.3717	-0.4202	NA	-0.0395	0.0271	
Fis_High	0.7705	0.4298	-0.1027	NA	0.5938	0.3524	
														
Site7_1,	z1	z2	z3	z4	z5	Overall	
N	25	25	25	25	25	25	
A	4	2	2	1	3	12	
%	100	50	66.67	50	75	68.33	
Ar	3.96	2	2	1	2.99	2.39	
Ho	0.36	0.4	0.4	0	0.56	0.34	
He	0.6	0.44	0.32	0	0.57	0.39	
HWE	0.006	1	0.54	NA	1	0.334	
Fis	0.4048	0.0809	-0.25	NA	0.0169	0.1086	
Fis_Low	0.1624	-0.3231	-0.4237	NA	-0.2898	-0.03	
Fis_High	0.6519	0.5138	-0.1062	NA	0.3223	0.2342	
														
Site8_1,	z1	z2	z3	z4	z5	Overall	
N	25	25	25	25	25	25	
A	4	2	3	2	3	14	
%	100	50	100	100	75	85	
Ar	3.95	2	3	2	3	2.79	
Ho	0.36	0.4	0.56	0.44	0.4	0.43	
He	0.6	0.44	0.65	0.49	0.61	0.56	
HWE	0.007	1	0.685	0.677	0.109	0.104	
Fis	0.4048	0.0809	0.1369	0.0969	0.3447	0.2248	
Fis_Low	0.1793	-0.2899	-0.1704	-0.3103	0.0331	0.0706	
Fis_High	0.6439	0.4749	0.4426	0.5362	0.6306	0.3764	
														
Site9_1,	z1	z2	z3	z4	z5	Overall	
N	25	25	25	25	25	25	
A	2	2	2	1	2	9	
%	50	50	66.67	50	50	53.33	
Ar	2	2	2	1	2	1.8	
Ho	0.2	0.32	0.4	0	0.4	0.26	
He	0.18	0.48	0.32	0	0.4	0.28	
HWE	1	0.208	0.538	NA	1	0.929	
Fis	-0.1111	0.3333	-0.25	NA	0.0079	0.0457	
Fis_Low	-0.2164	-0.0327	-0.4249	NA	-0.3312	-0.1137	
Fis_High	-0.0386	0.7031	-0.1074	NA	0.3969	0.2126	
														
Site10_1,	z1	z2	z3	z4	z5	Overall	
N	25	25	25	25	25	25	
A	2	1	2	1	2	8	
%	50	25	66.67	50	50	48.33	
Ar	2	1	2	1	2	1.6	
Ho	0.32	0	0.36	0	0.32	0.2	
He	0.49	0	0.49	0	0.46	0.29	
HWE	0.114	NA	0.21	NA	0.202	0.385	
Fis	0.3506	NA	0.2611	NA	0.3056	0.3059	
Fis_Low	-0.0385	NA	-0.1413	NA	-0.0761	0.0931	
Fis_High	0.7176	NA	0.6497	NA	0.7031	0.5218	
														
