EcoGen data project microsatellites
z1,z2,z3,z4,z5
POP
Site1_1, 120120 235237 144144 120120 160160
Site1_2, 120126 235237 144150 120120 160160
Site1_3, 120126 235235 144144 120120 160160
Site1_4, 120126 237237 144144 120120 160160
Site1_5, 120120 237237 144144 120120 160160
Site1_6, 120126 235235 150150 120120 160160
Site1_7, 120120 237237 150150 120120 160160
Site1_8, 126126 235235 150150 120120 160160
Site1_9, 126126 235235 150150 120120 160160
Site1_10, 120120 237237 150150 120120 160160
Site1_11, 126126 235235 150150 120120 160160
Site1_12, 126126 235235 144144 120120 160160
Site1_13, 120126 237237 150150 120120 160160
Site1_14, 120120 235235 144144 120120 160160
Site1_15, 126126 235235 144150 120120 160160
Site1_16, 126126 235235 144150 120120 160160
Site1_17, 120120 237237 144144 120120 160160
Site1_18, 120126 235235 144144 120120 160160
Site1_19, 123123 235237 150150 120120 160160
Site1_20, 120126 235235 144144 120120 160160
Site1_21, 126126 237237 144144 120120 160160
Site1_22, 123126 235235 144150 120120 160160
Site1_23, 120120 235237 144150 120120 160160
Site1_24, 120126 235237 144144 120120 160160
Site1_25, 120126 235235 144147 120120 160160
POP
Site2_1, 123123 237237 144144 120120 163163
Site2_2, 123123 237239 147147 120120 160163
Site2_3, 123123 237243 147147 120120 163163
Site2_4, 120120 237239 144147 120120 160163
Site2_5, 126126 237243 144147 120120 160163
Site2_6, 126126 239239 144147 120124 160160
Site2_7, 123126 237239 144147 120120 160160
Site2_8, 123123 239239 147147 120120 163163
Site2_9, 123123 237237 147147 120124 160163
Site2_10, 120120 237239 144147 120124 163163
Site2_11, 123126 237237 144147 120124 160163
Site2_12, 120123 239243 144144 120120 160163
Site2_13, 123123 237243 144144 120124 163163
Site2_14, 120123 239239 144147 120120 160163
Site2_15, 123123 237239 147147 120124 160163
Site2_16, 120120 239243 144147 124124 160160
Site2_17, 126126 239239 144147 124124 160160
Site2_18, 126126 237239 144144 120124 160163
Site2_19, 123123 239239 144147 120120 160163
Site2_20, 123123 239243 147147 120120 163163
Site2_21, 126126 239243 144147 120124 160163
Site2_22, 123126 239239 147147 120124 163163
Site2_23, 123126 237237 144147 124124 163163
Site2_24, 123123 237239 144147 124124 160163
Site2_25, 120126 237237 147147 120120 163163
POP
Site3_1, 120129 239239 144144 120120 163163
Site3_2, 123129 239239 147147 120120 160160
Site3_3, 123126 237237 147147 120120 160163
Site3_4, 126126 235243 147147 120120 163166
Site3_5, 120126 237243 147150 120120 163163
Site3_6, 123129 237239 147147 120124 163166
Site3_7, 123123 235237 147150 120120 163166
Site3_8, 129129 235239 147147 120120 163166
Site3_9, 123123 239239 147147 120124 166166
Site3_10, 129129 237237 147147 120124 160166
Site3_11, 123129 237237 147150 120124 160160
Site3_12, 120129 239239 150150 120120 160163
Site3_13, 123123 239243 147147 120124 163163
Site3_14, 120123 239243 147147 120120 166166
Site3_15, 123129 237239 147150 120124 163163
Site3_16, 129129 239239 144144 124124 163163
Site3_17, 129129 239239 144147 124124 160160
Site3_18, 120126 235237 144144 120124 160163
Site3_19, 120126 235237 147150 120120 160160
Site3_20, 123123 237237 150150 120120 160163
Site3_21, 123129 237237 147147 120124 160163
Site3_22, 123129 237237 144147 120124 163166
Site3_23, 129129 239239 147147 124124 166166
Site3_24, 123129 237239 147150 124124 166166
Site3_25, 129129 237237 147147 120120 163166
POP
Site4_1, 120120 237237 144144 120120 166166
Site4_2, 120126 237237 144144 120120 166166
Site4_3, 120126 237239 144150 120120 166166
Site4_4, 120126 237239 144144 120120 160166
Site4_5, 120120 237239 144144 120120 160166
Site4_6, 120126 239239 144144 120120 160160
Site4_7, 120120 239239 150150 120120 160166
Site4_8, 126126 237239 150150 120120 160166
Site4_9, 126126 237237 150150 120120 166166
Site4_10, 120120 237239 150150 120120 163166
Site4_11, 126126 237239 150150 120120 163166
Site4_12, 126126 237237 150150 120120 166166
Site4_13, 120126 237239 144144 120120 166166
Site4_14, 120120 239239 150150 120120 163163
Site4_15, 126126 237237 144144 120120 163163
Site4_16, 126126 237239 144150 120120 163166
Site4_17, 120120 237237 144150 120120 163166
Site4_18, 120126 237239 144144 120120 166166
Site4_19, 123123 237239 144144 120120 166166
Site4_20, 120126 237237 150150 120120 160166
Site4_21, 126126 239239 144144 120120 166166
Site4_22, 123126 237237 144144 120120 160166
Site4_23, 120120 237239 144150 120120 160160
Site4_24, 120126 237239 144150 120120 166166
Site4_25, 120126 237237 144144 120120 160166
POP
Site5_1, 120123 235235 144144 120120 160160
Site5_2, 123123 235235 144144 120120 160160
Site5_3, 123129 235239 144144 120120 160160
Site5_4, 123129 235239 144144 120124 160160
Site5_5, 123123 235239 144144 120120 160160
Site5_6, 129129 239239 144144 124124 160160
Site5_7, 120123 239239 144144 124124 160163
Site5_8, 120129 235239 144144 120120 160160
Site5_9, 123123 235235 144144 120124 160160
Site5_10, 120123 235239 144144 120124 163163
Site5_11, 120123 235239 144144 124124 160160
Site5_12, 123123 235235 144144 120120 160160
Site5_13, 123129 235239 144144 120120 160163
Site5_14, 123123 239239 144144 120124 160160
Site5_15, 120123 235235 144144 124124 160160
Site5_16, 120123 235239 144144 124124 160160
Site5_17, 120123 235235 144144 120120 160160
Site5_18, 123129 235239 144144 120120 160160
Site5_19, 123129 235239 144144 120124 160160
Site5_20, 123123 235235 144144 120120 160160
Site5_21, 120123 239239 144144 120120 163163
Site5_22, 120123 235235 144144 120124 160160
Site5_23, 123129 235239 144144 124124 160160
Site5_24, 120129 235239 144144 120120 160160
Site5_25, 123123 235235 144144 124124 160160
POP
Site6_1, 123123 237237 150150 124124 163163
Site6_2, 129129 237237 150150 124124 160160
Site6_3, 129129 237239 150150 124124 160163
Site6_4, 123123 237239 147150 124124 163166
Site6_5, 123129 237239 147150 124124 163163
Site6_6, 123123 239239 150150 124124 163166
Site6_7, 129129 239239 150150 124124 163166
Site6_8, 129129 237239 147150 124124 163166
Site6_9, 123129 237237 147150 124124 166166
Site6_10, 120120 237239 147150 124124 160166
Site6_11, 123123 237239 147150 124124 160160
Site6_12, 123123 237237 147150 124124 160163
Site6_13, 120120 237239 147150 124124 163163
Site6_14, 123129 239239 150150 124124 166166
Site6_15, 120129 237237 150150 124124 163163
Site6_16, 123123 237239 150150 124124 163163
Site6_17, 129129 237237 150150 124124 160160
Site6_18, 123129 237239 150150 124124 160163
Site6_19, 120123 237239 150150 124124 160160
Site6_20, 123129 237237 150150 124124 160163
Site6_21, 123123 239239 147150 124124 160163
Site6_22, 129129 237237 150150 124124 163166
Site6_23, 123129 237239 150150 124124 166166
Site6_24, 123123 237239 150150 124124 166166
Site6_25, 123123 237237 147150 124124 163166
POP
Site7_1, 126126 239239 150150 124124 166166
Site7_2, 126129 239239 150150 124124 166166
Site7_3, 126129 237239 150150 124124 163166
Site7_4, 126126 239239 147150 124124 163163
Site7_5, 123123 237237 147150 124124 163166
Site7_6, 126126 239239 150150 124124 163163
Site7_7, 123123 237239 150150 124124 166169
Site7_8, 126126 239239 147150 124124 166166
Site7_9, 120123 239239 147150 124124 163163
Site7_10, 123129 237237 147150 124124 163166
Site7_11, 126126 237239 147150 124124 163163
Site7_12, 120123 237239 147150 124124 163166
Site7_13, 126126 237239 147150 124124 166166
Site7_14, 126126 237239 150150 124124 163169
Site7_15, 123129 239239 150150 124124 163169
Site7_16, 123129 239239 150150 124124 163166
Site7_17, 126126 239239 150150 124124 163163
Site7_18, 126126 237239 150150 124124 163166
Site7_19, 123123 237239 150150 124124 163166
Site7_20, 126126 239239 150150 124124 166169
Site7_21, 126126 239239 147150 124124 163166
Site7_22, 123126 237237 150150 124124 163166
Site7_23, 126126 237239 150150 124124 166166
Site7_24, 120123 237239 150150 124124 163166
Site7_25, 123123 239239 147150 124124 166166
POP
Site8_1, 126126 239239 144144 120124 166166
Site8_2, 126129 239239 144144 120120 163163
Site8_3, 126129 237239 144144 120120 163166
Site8_4, 126126 239239 144144 120120 163163
Site8_5, 123123 237237 144147 120124 166169
Site8_6, 126126 239239 144147 124124 166166
Site8_7, 123123 237239 144147 120120 163166
Site8_8, 126126 239239 147147 120124 163163
Site8_9, 120123 239239 147147 120124 163166
Site8_10, 123129 237237 147150 124124 163163
Site8_11, 126126 237239 147147 120124 166166
Site8_12, 120123 237239 147150 120124 163166
Site8_13, 126126 237239 150150 120120 163163
Site8_14, 126126 237239 150150 124124 163169
Site8_15, 123129 239239 150150 120124 169169
Site8_16, 123129 239239 144150 120124 166169
Site8_17, 126126 239239 144150 120120 163166
Site8_18, 126126 237239 144150 120120 163163
Site8_19, 123123 237239 144150 120124 166166
Site8_20, 126126 239239 144150 120124 166169
Site8_21, 126126 239239 144144 120120 163163
Site8_22, 123126 237237 144147 120120 163163
Site8_23, 126126 237239 144147 124124 166166
Site8_24, 120123 237239 144147 120124 166169
Site8_25, 123123 239239 144147 124124 166166
POP
Site9_1, 120120 239243 150150 124124 169169
Site9_2, 120120 239239 150150 124124 169169
Site9_3, 120120 239239 150150 124124 166169
Site9_4, 120123 239243 147150 124124 169169
Site9_5, 120120 239243 147150 124124 169169
Site9_6, 120120 239243 150150 124124 169169
Site9_7, 120120 239239 150150 124124 166166
Site9_8, 120120 239239 147150 124124 166169
Site9_9, 120120 239239 147150 124124 169169
Site9_10, 120120 243243 147150 124124 169169
Site9_11, 120123 239239 147150 124124 166169
Site9_12, 120120 239239 147150 124124 166169
Site9_13, 120120 239239 147150 124124 169169
Site9_14, 120120 239243 150150 124124 169169
Site9_15, 120120 239243 150150 124124 166169
Site9_16, 120123 239243 150150 124124 166166
Site9_17, 120120 239239 150150 124124 169169
Site9_18, 120120 243243 150150 124124 169169
Site9_19, 120120 243243 150150 124124 166169
Site9_20, 120123 243243 150150 124124 166169
Site9_21, 120120 243243 147150 124124 169169
Site9_22, 120120 239239 150150 124124 166169
Site9_23, 120120 239243 150150 124124 166169
Site9_24, 120123 239239 150150 124124 169169
Site9_25, 120120 243243 147150 124124 166169
POP
Site10_1, 120120 239239 147147 124124 169169
Site10_2, 123123 239239 147147 124124 169169
Site10_3, 123123 239239 147147 124124 166169
Site10_4, 120123 239239 147150 124124 169169
Site10_5, 123123 239239 147150 124124 169169
Site10_6, 120123 239239 147150 124124 169169
Site10_7, 120120 239239 150150 124124 169169
Site10_8, 120123 239239 147150 124124 166166
Site10_9, 120120 239239 147147 124124 166169
Site10_10, 123123 239239 147147 124124 166169
Site10_11, 120120 239239 147150 124124 166166
Site10_12, 123123 239239 150150 124124 169169
Site10_13, 120120 239239 150150 124124 166169
Site10_14, 120120 239239 147150 124124 169169
Site10_15, 120123 239239 147150 124124 166169
Site10_16, 120123 239239 147147 124124 166169
Site10_17, 120123 239239 147147 124124 169169
Site10_18, 120120 239239 147147 124124 166166
Site10_19, 123123 239239 147150 124124 169169
Site10_20, 120123 239239 147147 124124 169169
Site10_21, 120123 239239 150150 124124 166169
Site10_22, 123123 239239 150150 124124 169169
Site10_23, 120120 239239 147150 124124 166166
Site10_24, 120120 239239 150150 124124 166169
Site10_25, 120120 239239 147147 124124 166166
